{
  "advancedEditorSelectedIdentifier" : "ProjectBrowser",
  "openSceneRelativePaths" : [
    "Scene.usda",
    "ClamScene.usda",
    "FishScene.usda",
    "SlugScene.usda",
    "StarfishScene.usda"
  ],
  "recentIdentifiers" : {

  },
  "sceneCameraHistory" : {
    "26DBAE76-5DD8-47B6-A085-1B4ADA111097" : [
      {
        "date" : 771162347.673342,
        "title" : "Untitled",
        "transform" : [
          0.931036,
          -1.3887584e-09,
          0.36492756,
          0,
          0.119931675,
          0.9444534,
          -0.30598047,
          0,
          -0.3446571,
          0.32864523,
          0.87932014,
          0,
          -0.16052869,
          0.15307094,
          0.40955523,
          1
        ]
      },
      {
        "date" : 771162241.404109,
        "title" : "Untitled",
        "transform" : [
          0.99998856,
          -1.5826662e-10,
          -0.0047901664,
          0,
          -0.00047097282,
          0.99515486,
          -0.09831963,
          0,
          0.0047669574,
          0.09832078,
          0.9951434,
          0,
          0.0022202746,
          0.04579422,
          0.46350148,
          1
        ]
      },
      {
        "date" : 771162229.637118,
        "title" : "Untitled",
        "transform" : [
          1,
          0,
          0,
          0,
          0,
          0.7071069,
          -0.70710677,
          0,
          0,
          0.70710677,
          0.7071069,
          0,
          0,
          0.3293445,
          0.32934454,
          1
        ]
      }
    ],
    "A473F4D1-0060-42C8-B2E0-6D2CF9FCE7A2" : [
      {
        "date" : 771162928.301298,
        "title" : "Untitled",
        "transform" : [
          0.94747454,
          -2.3215883e-09,
          -0.31983107,
          0,
          -0.14269674,
          0.89495176,
          -0.42272794,
          0,
          0.2862334,
          0.44616285,
          0.8479441,
          0,
          0.0077489456,
          0.43820733,
          0.88775414,
          1
        ]
      },
      {
        "date" : 771162924.663542,
        "title" : "Untitled",
        "transform" : [
          0.94747454,
          -2.3215883e-09,
          -0.31983107,
          0,
          -0.14269674,
          0.89495176,
          -0.42272794,
          0,
          0.2862334,
          0.44616285,
          0.8479441,
          0,
          -0.040879093,
          0.17867135,
          1.0407287,
          1
        ]
      },
      {
        "date" : 771162917.250941,
        "title" : "Untitled",
        "transform" : [
          0.94747454,
          -2.3215883e-09,
          -0.31983107,
          0,
          -0.14269674,
          0.89495176,
          -0.42272794,
          0,
          0.2862334,
          0.44616285,
          0.8479441,
          0,
          -0.040879093,
          0.17867135,
          1.0407287,
          1
        ]
      },
      {
        "date" : 771162910.037729,
        "title" : "Untitled",
        "transform" : [
          0.88402796,
          7.685825e-09,
          -0.46743414,
          0,
          -0.24927151,
          0.8459411,
          -0.47143108,
          0,
          0.39542174,
          0.53327626,
          0.7478356,
          0,
          0.11769059,
          0.27305764,
          1.0140533,
          1
        ]
      },
      {
        "date" : 771162907.14659,
        "title" : "Untitled",
        "transform" : [
          0.88402796,
          7.685825e-09,
          -0.46743414,
          0,
          -0.24927151,
          0.8459411,
          -0.47143108,
          0,
          0.39542174,
          0.53327626,
          0.7478356,
          0,
          -0.010821491,
          0.099742785,
          0.77100676,
          1
        ]
      },
      {
        "date" : 771162905.729247,
        "title" : "Untitled",
        "transform" : [
          0.88402796,
          7.685825e-09,
          -0.46743414,
          0,
          -0.24927151,
          0.8459411,
          -0.47143108,
          0,
          0.39542174,
          0.53327626,
          0.7478356,
          0,
          -0.010821491,
          0.099742785,
          0.77100676,
          1
        ]
      },
      {
        "date" : 771162792.634092,
        "title" : "Untitled",
        "transform" : [
          0.88402796,
          7.685825e-09,
          -0.46743414,
          0,
          -0.24927154,
          0.84594125,
          -0.47143114,
          0,
          0.3954218,
          0.5332763,
          0.74783564,
          0,
          -0.010821491,
          0.099742785,
          0.77100676,
          1
        ]
      },
      {
        "date" : 771162788.666306,
        "title" : "Untitled",
        "transform" : [
          0.9641998,
          2.3694717e-09,
          -0.2651768,
          0,
          -0.16418023,
          0.7852847,
          -0.5969698,
          0,
          0.2082393,
          0.61913496,
          0.75717133,
          0,
          -0.18108366,
          0.1702128,
          0.736718,
          1
        ]
      },
      {
        "date" : 771162779.215565,
        "title" : "Untitled",
        "transform" : [
          1,
          0,
          0,
          0,
          0,
          0.7071069,
          -0.70710677,
          0,
          0,
          0.70710677,
          0.7071069,
          0,
          -0.36996117,
          1.6333444,
          2.0242364,
          1
        ]
      }
    ]
  },
  "sceneViewportBackgroundColors" : {

  },
  "selectedSceneRelativePath" : "StarfishScene.usda"
}